{
  "advancedEditorSelectedIdentifier" : "ProjectBrowser",
  "openSceneRelativePaths" : [
    "BubbleScene.usda",
    "Immersive.usda"
  ],
  "recentIdentifiers" : {
    "2B4C304F-18D3-427C-870C-7E5EC76975DB" : [

    ],
    "39DCF54D-50B5-4F0F-8EA3-6AF67471541A" : [

    ]
  },
  "sceneCameraHistory" : {
    "2B4C304F-18D3-427C-870C-7E5EC76975DB" : [
      {
        "date" : 771840157.616468,
        "title" : "Untitled",
        "transform" : [
          0.9991532,
          -6.2337158e-09,
          -0.041145794,
          0,
          -0.012419536,
          0.953358,
          -0.3015867,
          0,
          0.03922661,
          0.3018422,
          0.95255053,
          0,
          0.3537915,
          0.86711144,
          0.3982457,
          1
        ]
      },
      {
        "date" : 771840143.760782,
        "title" : "Untitled",
        "transform" : [
          0.9994571,
          -5.6507847e-09,
          0.032947164,
          0,
          0.0186052,
          0.8252975,
          -0.5643915,
          0,
          -0.027191265,
          0.56469804,
          0.8248495,
          0,
          0.28918883,
          1.123776,
          0.33469975,
          1
        ]
      },
      {
        "date" : 771840141.760963,
        "title" : "Untitled",
        "transform" : [
          0.9524229,
          -5.54211e-09,
          0.3047795,
          0,
          0.18039793,
          0.8060139,
          -0.56373584,
          0,
          -0.24565655,
          0.59189653,
          0.7676661,
          0,
          0.05456114,
          1.1510334,
          0.36806208,
          1
        ]
      },
      {
        "date" : 771840137.909237,
        "title" : "Untitled",
        "transform" : [
          0.9965968,
          -3.5063081e-09,
          -0.082430236,
          0,
          -0.042927515,
          0.8536949,
          -0.51900136,
          0,
          0.07037024,
          0.5207736,
          0.8507896,
          0,
          0.4185445,
          1.0686022,
          0.48447865,
          1
        ]
      },
      {
        "date" : 771840134.99376,
        "title" : "Untitled",
        "transform" : [
          0.99877983,
          -2.7168918e-09,
          0.049384944,
          0,
          0.0272423,
          0.83408743,
          -0.550959,
          0,
          -0.041191395,
          0.5516321,
          0.8330698,
          0,
          0.2912816,
          1.1036935,
          0.4402768,
          1
        ]
      },
      {
        "date" : 771840116.994595,
        "title" : "Untitled",
        "transform" : [
          0.9983521,
          -2.8817404e-09,
          0.057384975,
          0,
          0.015732728,
          0.96168363,
          -0.27370965,
          0,
          -0.055186223,
          0.27416143,
          0.9600989,
          0,
          0.28279096,
          0.8055795,
          0.4543265,
          1
        ]
      },
      {
        "date" : 771840104.239685,
        "title" : "Untitled",
        "transform" : [
          0.99977076,
          -2.4657458e-09,
          -0.021408893,
          0,
          -0.01172767,
          0.8366136,
          -0.54766786,
          0,
          0.017910948,
          0.54779345,
          0.83642185,
          0,
          0.31526464,
          0.9202968,
          0.30092117,
          1
        ]
      },
      {
        "date" : 771840101.529814,
        "title" : "Untitled",
        "transform" : [
          0.07585268,
          -2.2323825e-09,
          0.997119,
          0,
          0.43576047,
          0.89945203,
          -0.03314912,
          0,
          -0.8968607,
          0.43701953,
          0.06822582,
          0,
          -0.4102305,
          0.81890297,
          -0.52549094,
          1
        ]
      },
      {
        "date" : 771840097.531276,
        "title" : "Untitled",
        "transform" : [
          0.98031974,
          -2.7686662e-09,
          0.1974165,
          0,
          0.086238004,
          0.8995426,
          -0.4282359,
          0,
          -0.17758462,
          0.43683293,
          0.8818394,
          0,
          -0.07145843,
          0.818736,
          0.47203365,
          1
        ]
      },
      {
        "date" : 771840091.508203,
        "title" : "Untitled",
        "transform" : [
          0.36046427,
          -1.9461708e-09,
          0.93277305,
          0,
          0.17191513,
          0.98286897,
          -0.06643554,
          0,
          -0.91679376,
          0.18430547,
          0.3542891,
          0,
          -0.6462152,
          0.6185851,
          0.04069428,
          1
        ]
      }
    ],
    "39DCF54D-50B5-4F0F-8EA3-6AF67471541A" : [
      {
        "date" : 771921108.71424,
        "title" : "Untitled",
        "transform" : [
          0.9926081,
          4.2782368e-08,
          0.12136466,
          0,
          0.01946502,
          0.9870545,
          -0.15919939,
          0,
          -0.119793534,
          0.16038495,
          0.9797582,
          0,
          0.18478142,
          0.6123308,
          -0.20632884,
          1
        ]
      },
      {
        "date" : 771921105.234186,
        "title" : "Untitled",
        "transform" : [
          0.98970395,
          4.5095256e-08,
          0.14312871,
          0,
          -0.03702567,
          0.96596104,
          0.25602418,
          0,
          -0.13825674,
          -0.2586876,
          0.9560155,
          0,
          0.20844339,
          0.49446243,
          -0.40890974,
          1
        ]
      },
      {
        "date" : 771921091.0193,
        "title" : "Untitled",
        "transform" : [
          0.99802047,
          4.4082853e-08,
          0.06288966,
          0,
          0.008161283,
          0.99154377,
          -0.12951526,
          0,
          -0.062357854,
          0.12977217,
          0.989581,
          0,
          0.21613555,
          0.53004813,
          -0.4129678,
          1
        ]
      },
      {
        "date" : 771915883.134293,
        "title" : "Untitled",
        "transform" : [
          0.99999964,
          4.407981e-08,
          -0.000846459,
          0,
          -0.00010791358,
          0.9918467,
          -0.12743655,
          0,
          0.00083955197,
          0.12743661,
          0.9918463,
          0,
          0.22169447,
          0.5298426,
          -0.41270044,
          1
        ]
      },
      {
        "date" : 771906655.355152,
        "title" : "Untitled",
        "transform" : [
          0.99999964,
          4.407981e-08,
          -0.000846459,
          0,
          -0.00010791358,
          0.9918467,
          -0.12743655,
          0,
          0.00083955197,
          0.12743661,
          0.9918463,
          0,
          0.22038542,
          0.65770817,
          -0.038651764,
          1
        ]
      },
      {
        "date" : 771906623.738076,
        "title" : "Untitled",
        "transform" : [
          0.99999964,
          4.4078387e-08,
          -0.000846459,
          0,
          -0.00010791434,
          0.9918467,
          -0.12743656,
          0,
          0.0008395527,
          0.1274367,
          0.9918464,
          0,
          0.063158005,
          0.24260782,
          0.35162675,
          1
        ]
      },
      {
        "date" : 771906557.170261,
        "title" : "Untitled",
        "transform" : [
          0.99999964,
          4.4078387e-08,
          -0.000846459,
          0,
          -0.00010791434,
          0.9918467,
          -0.12743656,
          0,
          0.0008395527,
          0.1274367,
          0.9918464,
          0,
          0.063343786,
          0.27080634,
          0.57109743,
          1
        ]
      },
      {
        "date" : 771906529.585473,
        "title" : "Untitled",
        "transform" : [
          0.99999964,
          4.4078387e-08,
          -0.000846459,
          0,
          -0.00010791434,
          0.9918467,
          -0.12743656,
          0,
          0.0008395526,
          0.12743668,
          0.99184626,
          0,
          0.21805373,
          0.66554755,
          -0.15343782,
          1
        ]
      },
      {
        "date" : 771906493.418742,
        "title" : "Untitled",
        "transform" : [
          0.9996839,
          4.407551e-08,
          -0.025140056,
          0,
          -0.008261988,
          0.9444564,
          -0.32853284,
          0,
          0.023743674,
          0.32863677,
          0.94415784,
          0,
          0.22573628,
          0.7345189,
          -0.1827881,
          1
        ]
      },
      {
        "date" : 771906488.525163,
        "title" : "Untitled",
        "transform" : [
          0.9972168,
          4.3333127e-08,
          -0.07455612,
          0,
          -0.03675839,
          0.8700127,
          -0.49165708,
          0,
          0.06486475,
          0.4930293,
          0.86759126,
          0,
          0.23823762,
          0.78701293,
          -0.21984658,
          1
        ]
      }
    ]
  },
  "sceneViewportBackgroundColors" : {

  },
  "selectedSceneRelativePath" : "BubbleScene.usda"
}