{
  "advancedEditorSelectedIdentifier" : "ShaderGraphEditorPluginID",
  "openSceneRelativePaths" : [
    "BubbleScene.usda",
    "Immersive.usda"
  ],
  "recentIdentifiers" : {
    "2B4C304F-18D3-427C-870C-7E5EC76975DB" : [

    ],
    "39DCF54D-50B5-4F0F-8EA3-6AF67471541A" : [

    ]
  },
  "sceneCameraHistory" : {
    "2B4C304F-18D3-427C-870C-7E5EC76975DB" : [
      {
        "date" : 772074682.399183,
        "title" : "Untitled",
        "transform" : [
          0.012194074,
          3.3816058e-08,
          -0.9999257,
          0,
          -0.20077702,
          0.979634,
          -0.0024483753,
          0,
          0.97956115,
          0.20079193,
          0.011945558,
          0,
          0.9441983,
          0.18758126,
          0.009828959,
          1
        ]
      },
      {
        "date" : 772074648.491,
        "title" : "Untitled",
        "transform" : [
          0.012248305,
          3.3814448e-08,
          -0.999925,
          0,
          -0.19645664,
          0.98050964,
          -0.0024063447,
          0,
          0.9804361,
          0.19647136,
          0.01200941,
          0,
          0.9450155,
          0.18341681,
          0.009890184,
          1
        ]
      },
      {
        "date" : 772074607.997543,
        "title" : "Untitled",
        "transform" : [
          0.012248307,
          3.381445e-08,
          -0.99992514,
          0,
          -0.19645664,
          0.98050964,
          -0.0024063447,
          0,
          0.9804361,
          0.19647136,
          0.01200941,
          0,
          0.50120443,
          0.09727812,
          0.005245422,
          1
        ]
      },
      {
        "date" : 772074597.508472,
        "title" : "Untitled",
        "transform" : [
          0.76822066,
          3.3929364e-08,
          -0.64018524,
          0,
          -0.55430853,
          0.50029254,
          -0.6651687,
          0,
          0.32028,
          0.86585635,
          0.38433492,
          0,
          0.16592914,
          0.44053534,
          0.19771828,
          1
        ]
      },
      {
        "date" : 772074590.24864,
        "title" : "Untitled",
        "transform" : [
          0.7864228,
          1.2797154e-08,
          -0.6176887,
          0,
          -0.3540312,
          0.81944716,
          -0.45074186,
          0,
          0.50616336,
          0.5731546,
          0.64443177,
          0,
          0.5922224,
          0.66019595,
          0.7507065,
          1
        ]
      },
      {
        "date" : 772074580.665646,
        "title" : "Untitled",
        "transform" : [
          0.9554873,
          2.2113518e-08,
          -0.2950319,
          0,
          -0.27625722,
          0.3510312,
          -0.8946837,
          0,
          0.103565566,
          0.9363637,
          0.3354059,
          0,
          0.048627038,
          0.41931614,
          0.15375833,
          1
        ]
      },
      {
        "date" : 772074567.913841,
        "title" : "Untitled",
        "transform" : [
          -0.02778776,
          -2.0066713e-08,
          -0.9996138,
          0,
          -0.112004206,
          0.9937028,
          0.003113574,
          0,
          0.99331915,
          0.11204741,
          -0.027612884,
          0,
          0.4466344,
          0.046554573,
          -0.013515075,
          1
        ]
      },
      {
        "date" : 772074456.386162,
        "title" : "Untitled",
        "transform" : [
          0.40651348,
          -2.0050756e-08,
          -0.91364485,
          0,
          -0.09451555,
          0.9946348,
          -0.042053342,
          0,
          0.90874285,
          0.1034488,
          0.40433228,
          0,
          0.31710282,
          0.03309264,
          0.14015807,
          1
        ]
      },
      {
        "date" : 772074404.428221,
        "title" : "Untitled",
        "transform" : [
          -0.9862709,
          -1.8618225e-08,
          -0.16513522,
          0,
          -0.13444634,
          0.5806419,
          0.8029814,
          0,
          0.09588441,
          0.8141591,
          -0.5726702,
          0,
          0.032949094,
          0.2818251,
          -0.20194703,
          1
        ]
      },
      {
        "date" : 772074372.356082,
        "title" : "Untitled",
        "transform" : [
          -0.9862709,
          -1.8618225e-08,
          -0.16513522,
          0,
          -0.13444635,
          0.580642,
          0.8029815,
          0,
          0.09588441,
          0.8141591,
          -0.5726702,
          0,
          0.032809645,
          0.28063232,
          -0.20109233,
          1
        ]
      }
    ],
    "39DCF54D-50B5-4F0F-8EA3-6AF67471541A" : [
      {
        "date" : 773645483.818088,
        "title" : "Untitled",
        "transform" : [
          -0.9839942,
          8.054922e-09,
          -0.17820129,
          0,
          -0.17809272,
          0.034899503,
          0.98339474,
          0,
          0.006219144,
          0.99939096,
          -0.0343409,
          0,
          -0.026682232,
          0.41097522,
          -0.07781186,
          1
        ]
      },
      {
        "date" : 772529463.807249,
        "title" : "Untitled",
        "transform" : [
          -0.9973972,
          4.636247e-11,
          -0.072103865,
          0,
          -0.014727004,
          0.9789194,
          0.20371547,
          0,
          0.070583865,
          0.2042471,
          -0.9763714,
          0,
          -0.010003755,
          0.028186772,
          -0.41805822,
          1
        ]
      },
      {
        "date" : 772528867.175988,
        "title" : "Untitled",
        "transform" : [
          -0.9979892,
          4.525124e-08,
          -0.06338291,
          0,
          -0.021682905,
          0.9396655,
          0.3414066,
          0,
          0.059558753,
          0.34209448,
          -0.9377761,
          0,
          -0.0161443,
          -0.0070834234,
          -0.3213728,
          1
        ]
      },
      {
        "date" : 772528818.39098,
        "title" : "Untitled",
        "transform" : [
          -0.9981464,
          4.453392e-08,
          -0.060856942,
          0,
          -0.032337777,
          0.84713715,
          0.5303893,
          0,
          0.051554203,
          0.5313742,
          -0.845567,
          0,
          -0.01870423,
          0.057609953,
          -0.29268342,
          1
        ]
      },
      {
        "date" : 772528817.236954,
        "title" : "Untitled",
        "transform" : [
          -0.99975896,
          4.2545548e-08,
          -0.021952493,
          0,
          -0.000109203036,
          0.9999876,
          0.0049752337,
          0,
          0.02195222,
          0.0049764514,
          -0.9997466,
          0,
          -0.029220153,
          -0.11947024,
          -0.33109128,
          1
        ]
      },
      {
        "date" : 772528760.128551,
        "title" : "Untitled",
        "transform" : [
          -0.9998324,
          4.2974076e-08,
          -0.018305307,
          0,
          -0.009135321,
          0.86657023,
          0.49897152,
          0,
          0.015862854,
          0.49905515,
          -0.86642504,
          0,
          -0.031043382,
          0.046525657,
          -0.29735652,
          1
        ]
      },
      {
        "date" : 772528623.851973,
        "title" : "Untitled",
        "transform" : [
          -0.9998324,
          4.2974076e-08,
          -0.018305307,
          0,
          -0.009135321,
          0.86657023,
          0.49897152,
          0,
          0.015862854,
          0.49905515,
          -0.86642504,
          0,
          -0.02599556,
          0.014569512,
          -0.24900472,
          1
        ]
      },
      {
        "date" : 772508501.441635,
        "title" : "Untitled",
        "transform" : [
          -0.9998324,
          4.2974076e-08,
          -0.018305307,
          0,
          -0.009135321,
          0.86657023,
          0.49897152,
          0,
          0.015862854,
          0.49905515,
          -0.86642504,
          0,
          -0.022638816,
          0.12017492,
          -0.4323495,
          1
        ]
      },
      {
        "date" : 772508492.670041,
        "title" : "Untitled",
        "transform" : [
          -0.9998324,
          4.2974076e-08,
          -0.018305307,
          0,
          -0.009135321,
          0.86657023,
          0.49897152,
          0,
          0.015862854,
          0.49905515,
          -0.86642504,
          0,
          -0.06637534,
          0.35234404,
          -1.267617,
          1
        ]
      },
      {
        "date" : 772508490.4147,
        "title" : "Untitled",
        "transform" : [
          -0.99983245,
          4.1648583e-08,
          -0.018305313,
          0,
          -0.009184733,
          0.86501014,
          0.5016704,
          0,
          0.015834289,
          0.50175446,
          -0.8648651,
          0,
          -0.07843808,
          0.2276308,
          -1.0641054,
          1
        ]
      }
    ]
  },
  "sceneViewportBackgroundColors" : {

  },
  "selectedSceneRelativePath" : "BubbleScene.usda"
}