{
  "advancedEditorSelectedIdentifier" : "ShaderGraphEditorPluginID",
  "openSceneRelativePaths" : [
    "BubbleScene.usda",
    "Immersive.usda"
  ],
  "recentIdentifiers" : {
    "2B4C304F-18D3-427C-870C-7E5EC76975DB" : [

    ],
    "39DCF54D-50B5-4F0F-8EA3-6AF67471541A" : [

    ]
  },
  "sceneCameraHistory" : {
    "2B4C304F-18D3-427C-870C-7E5EC76975DB" : [
      {
        "date" : 772074682.399183,
        "title" : "Untitled",
        "transform" : [
          0.012194074,
          3.3816058e-08,
          -0.9999257,
          0,
          -0.20077702,
          0.979634,
          -0.0024483753,
          0,
          0.97956115,
          0.20079193,
          0.011945558,
          0,
          0.9441983,
          0.18758126,
          0.009828959,
          1
        ]
      },
      {
        "date" : 772074648.491,
        "title" : "Untitled",
        "transform" : [
          0.012248305,
          3.3814448e-08,
          -0.999925,
          0,
          -0.19645664,
          0.98050964,
          -0.0024063447,
          0,
          0.9804361,
          0.19647136,
          0.01200941,
          0,
          0.9450155,
          0.18341681,
          0.009890184,
          1
        ]
      },
      {
        "date" : 772074607.997543,
        "title" : "Untitled",
        "transform" : [
          0.012248307,
          3.381445e-08,
          -0.99992514,
          0,
          -0.19645664,
          0.98050964,
          -0.0024063447,
          0,
          0.9804361,
          0.19647136,
          0.01200941,
          0,
          0.50120443,
          0.09727812,
          0.005245422,
          1
        ]
      },
      {
        "date" : 772074597.508472,
        "title" : "Untitled",
        "transform" : [
          0.76822066,
          3.3929364e-08,
          -0.64018524,
          0,
          -0.55430853,
          0.50029254,
          -0.6651687,
          0,
          0.32028,
          0.86585635,
          0.38433492,
          0,
          0.16592914,
          0.44053534,
          0.19771828,
          1
        ]
      },
      {
        "date" : 772074590.24864,
        "title" : "Untitled",
        "transform" : [
          0.7864228,
          1.2797154e-08,
          -0.6176887,
          0,
          -0.3540312,
          0.81944716,
          -0.45074186,
          0,
          0.50616336,
          0.5731546,
          0.64443177,
          0,
          0.5922224,
          0.66019595,
          0.7507065,
          1
        ]
      },
      {
        "date" : 772074580.665646,
        "title" : "Untitled",
        "transform" : [
          0.9554873,
          2.2113518e-08,
          -0.2950319,
          0,
          -0.27625722,
          0.3510312,
          -0.8946837,
          0,
          0.103565566,
          0.9363637,
          0.3354059,
          0,
          0.048627038,
          0.41931614,
          0.15375833,
          1
        ]
      },
      {
        "date" : 772074567.913841,
        "title" : "Untitled",
        "transform" : [
          -0.02778776,
          -2.0066713e-08,
          -0.9996138,
          0,
          -0.112004206,
          0.9937028,
          0.003113574,
          0,
          0.99331915,
          0.11204741,
          -0.027612884,
          0,
          0.4466344,
          0.046554573,
          -0.013515075,
          1
        ]
      },
      {
        "date" : 772074456.386162,
        "title" : "Untitled",
        "transform" : [
          0.40651348,
          -2.0050756e-08,
          -0.91364485,
          0,
          -0.09451555,
          0.9946348,
          -0.042053342,
          0,
          0.90874285,
          0.1034488,
          0.40433228,
          0,
          0.31710282,
          0.03309264,
          0.14015807,
          1
        ]
      },
      {
        "date" : 772074404.428221,
        "title" : "Untitled",
        "transform" : [
          -0.9862709,
          -1.8618225e-08,
          -0.16513522,
          0,
          -0.13444634,
          0.5806419,
          0.8029814,
          0,
          0.09588441,
          0.8141591,
          -0.5726702,
          0,
          0.032949094,
          0.2818251,
          -0.20194703,
          1
        ]
      },
      {
        "date" : 772074372.356082,
        "title" : "Untitled",
        "transform" : [
          -0.9862709,
          -1.8618225e-08,
          -0.16513522,
          0,
          -0.13444635,
          0.580642,
          0.8029815,
          0,
          0.09588441,
          0.8141591,
          -0.5726702,
          0,
          0.032809645,
          0.28063232,
          -0.20109233,
          1
        ]
      }
    ],
    "39DCF54D-50B5-4F0F-8EA3-6AF67471541A" : [
      {
        "date" : 772508501.441635,
        "title" : "Untitled",
        "transform" : [
          -0.9998324,
          4.2974076e-08,
          -0.018305307,
          0,
          -0.009135321,
          0.86657023,
          0.49897152,
          0,
          0.015862854,
          0.49905515,
          -0.86642504,
          0,
          -0.022638816,
          0.12017492,
          -0.4323495,
          1
        ]
      },
      {
        "date" : 772508492.670041,
        "title" : "Untitled",
        "transform" : [
          -0.9998324,
          4.2974076e-08,
          -0.018305307,
          0,
          -0.009135321,
          0.86657023,
          0.49897152,
          0,
          0.015862854,
          0.49905515,
          -0.86642504,
          0,
          -0.06637534,
          0.35234404,
          -1.267617,
          1
        ]
      },
      {
        "date" : 772508490.4147,
        "title" : "Untitled",
        "transform" : [
          -0.99983245,
          4.1648583e-08,
          -0.018305313,
          0,
          -0.009184733,
          0.86501014,
          0.5016704,
          0,
          0.015834289,
          0.50175446,
          -0.8648651,
          0,
          -0.07843808,
          0.2276308,
          -1.0641054,
          1
        ]
      },
      {
        "date" : 772508098.336096,
        "title" : "Untitled",
        "transform" : [
          -0.9998969,
          4.2062382e-08,
          -0.0143611925,
          0,
          -0.012223297,
          0.524946,
          0.8510478,
          0,
          0.0075388732,
          0.8511356,
          -0.5248919,
          0,
          -0.03444331,
          0.28156123,
          -0.3323978,
          1
        ]
      },
      {
        "date" : 772508081.35417,
        "title" : "Untitled",
        "transform" : [
          -0.9794613,
          4.2306787e-08,
          -0.20163226,
          0,
          -0.14769351,
          0.6807781,
          0.7174453,
          0,
          0.13726686,
          0.7324897,
          -0.66679585,
          0,
          0.038289804,
          0.21147396,
          -0.38047865,
          1
        ]
      },
      {
        "date" : 772508063.63528,
        "title" : "Untitled",
        "transform" : [
          -0.9794613,
          4.2306787e-08,
          -0.20163226,
          0,
          -0.14769353,
          0.68077815,
          0.7174454,
          0,
          0.13726686,
          0.7324897,
          -0.66679585,
          0,
          0.03329059,
          0.18386339,
          -0.3308024,
          1
        ]
      },
      {
        "date" : 772083619.303921,
        "title" : "Untitled",
        "transform" : [
          -0.994239,
          2.9785792e-08,
          -0.10718624,
          0,
          0.0038921512,
          0.99934053,
          -0.03610257,
          0,
          0.10711555,
          -0.036311764,
          -0.9935833,
          0,
          0.002619645,
          -0.08131972,
          -0.2231648,
          1
        ]
      },
      {
        "date" : 772083598.99742,
        "title" : "Untitled",
        "transform" : [
          -0.994239,
          2.9785792e-08,
          -0.10718624,
          0,
          0.0038921512,
          0.99934053,
          -0.03610257,
          0,
          0.10711555,
          -0.036311764,
          -0.9935833,
          0,
          0.004081875,
          -0.10103443,
          -0.03515047,
          1
        ]
      },
      {
        "date" : 772080791.172216,
        "title" : "Untitled",
        "transform" : [
          -0.994239,
          2.9700754e-08,
          -0.10718624,
          0,
          0.0038921551,
          0.99934053,
          -0.03610257,
          0,
          0.10711555,
          -0.036311787,
          -0.9935833,
          0,
          0.04056635,
          -0.055227917,
          -0.37677315,
          1
        ]
      },
      {
        "date" : 772080788.639792,
        "title" : "Untitled",
        "transform" : [
          -0.99998486,
          3.3628865e-08,
          0.0055011837,
          0,
          0.0026144614,
          0.87985134,
          0.47524178,
          0,
          -0.004840208,
          0.475249,
          -0.87983805,
          0,
          -0.0020032628,
          0.14447701,
          -0.3546493,
          1
        ]
      }
    ]
  },
  "sceneViewportBackgroundColors" : {

  },
  "selectedSceneRelativePath" : "BubbleScene.usda"
}