{
  "advancedEditorSelectedIdentifier" : "ShaderGraphEditorPluginID",
  "openSceneRelativePaths" : [
    "BubbleScene.usda",
    "ImageAnchorScene.usda"
  ],
  "recentIdentifiers" : {
    "34BBF2A7-D0F0-4D0C-87E4-4D777089CCEE" : [

    ],
    "416F112E-9914-486E-8EFC-5970D6063AE3" : [

    ],
    "01238369-7A8C-4DB2-B225-5FEB04423E28" : [

    ],
    "A165DA54-DE35-4088-BE35-A7AB56311B6D" : [

    ]
  },
  "sceneCameraHistory" : {
    "34BBF2A7-D0F0-4D0C-87E4-4D777089CCEE" : [
      {
        "date" : 773716837.884428,
        "title" : "Untitled",
        "transform" : [
          0.9976821,
          -3.748781e-09,
          0.06804865,
          0,
          0.06800717,
          0.034899563,
          -0.9970742,
          0,
          -0.0023748293,
          0.9993908,
          0.034818746,
          0,
          -0.0030073295,
          0.32440355,
          0.03886158,
          1
        ]
      },
      {
        "date" : 773661094.358462,
        "title" : "Untitled",
        "transform" : [
          0.9973759,
          1.0276828e-09,
          0.07239727,
          0,
          0.018909149,
          0.9652884,
          -0.26050076,
          0,
          -0.06988421,
          0.2611861,
          0.9627554,
          0,
          -0.02362937,
          0.058361635,
          0.3206127,
          1
        ]
      },
      {
        "date" : 773661035.056621,
        "title" : "Untitled",
        "transform" : [
          0.9973759,
          1.0276828e-09,
          0.07239727,
          0,
          0.01890915,
          0.9652885,
          -0.2605008,
          0,
          -0.06988421,
          0.2611861,
          0.9627554,
          0,
          -0.062008508,
          0.15315336,
          0.84135616,
          1
        ]
      },
      {
        "date" : 773661028.556215,
        "title" : "Untitled",
        "transform" : [
          0.9935037,
          1.340201e-09,
          0.11379995,
          0,
          0.08325823,
          0.6817136,
          -0.7268664,
          0,
          -0.07757893,
          0.7316192,
          0.6772849,
          0,
          -0.067234255,
          0.56054604,
          0.5787663,
          1
        ]
      },
      {
        "date" : 773661016.738124,
        "title" : "Untitled",
        "transform" : [
          0.99027157,
          2.5096033e-11,
          0.13914812,
          0,
          -0.0147090675,
          0.9943973,
          0.104679614,
          0,
          -0.13836849,
          -0.10570797,
          0.9847233,
          0,
          -0.012050284,
          -0.100066766,
          0.07904627,
          1
        ]
      },
      {
        "date" : 773654256.078173,
        "title" : "Untitled",
        "transform" : [
          0.99027157,
          2.5096033e-11,
          0.13914812,
          0,
          -0.0147090675,
          0.9943973,
          0.104679614,
          0,
          -0.13836849,
          -0.10570797,
          0.9847233,
          0,
          -0.08425245,
          -0.10046667,
          0.55267084,
          1
        ]
      },
      {
        "date" : 773654253.887381,
        "title" : "Untitled",
        "transform" : [
          0.99027157,
          -4.5450932e-10,
          0.13914813,
          0,
          -0.014709058,
          0.9943973,
          0.104679614,
          0,
          -0.13836853,
          -0.10570794,
          0.9847234,
          0,
          -0.3578625,
          -0.2733923,
          2.54679,
          1
        ]
      },
      {
        "date" : 773654244.827549,
        "title" : "Untitled",
        "transform" : [
          0.9921292,
          -1.8295285e-09,
          0.12521824,
          0,
          0.054445855,
          0.9005234,
          -0.43138537,
          0,
          -0.11276197,
          0.43480766,
          0.8934356,
          0,
          -0.29163623,
          1.1245431,
          2.3106923,
          1
        ]
      }
    ],
    "416F112E-9914-486E-8EFC-5970D6063AE3" : [
      {
        "date" : 774262905.597282,
        "title" : "Untitled",
        "transform" : [
          -0.99991685,
          1.0412392e-07,
          -0.012893691,
          0,
          -0.0032969436,
          0.96675384,
          0.25568774,
          0,
          0.012465091,
          0.25570896,
          -0.9666735,
          0,
          0.0021352528,
          0.044973847,
          -0.16993776,
          1
        ]
      },
      {
        "date" : 774262876.748125,
        "title" : "Untitled",
        "transform" : [
          -0.9584398,
          1.0404771e-07,
          -0.2852951,
          0,
          -0.0605941,
          0.9771848,
          0.20356426,
          0,
          0.27878606,
          0.21239127,
          -0.93657273,
          0,
          0.03102837,
          0.023650305,
          -0.10424434,
          1
        ]
      },
      {
        "date" : 774262839.110234,
        "title" : "Untitled",
        "transform" : [
          -0.9993082,
          5.3728588e-08,
          0.037187416,
          0,
          0.014916408,
          0.91602945,
          0.40083346,
          0,
          -0.034064706,
          0.40111074,
          -0.91539586,
          0,
          -0.0049057365,
          0.050812066,
          -0.115929626,
          1
        ]
      },
      {
        "date" : 774262836.29549,
        "title" : "Untitled",
        "transform" : [
          -0.7518618,
          5.409638e-08,
          -0.65932065,
          0,
          -0.60968363,
          0.38066047,
          0.69525796,
          0,
          0.25097746,
          0.92471486,
          -0.2862041,
          0,
          0.031294294,
          0.117065564,
          -0.036689054,
          1
        ]
      },
      {
        "date" : 774262828.772034,
        "title" : "Untitled",
        "transform" : [
          -0.99838626,
          6.961013e-08,
          0.05678739,
          0,
          0.008175309,
          0.9895834,
          0.14372914,
          0,
          -0.056195896,
          0.14396133,
          -0.98798645,
          0,
          -0.0077068103,
          0.018265732,
          -0.12511763,
          1
        ]
      },
      {
        "date" : 774262785.763981,
        "title" : "Untitled",
        "transform" : [
          -0.66055834,
          7.044672e-08,
          -0.75077474,
          0,
          -0.44672194,
          0.80371493,
          0.393042,
          0,
          0.6034089,
          0.5950146,
          -0.5309006,
          0,
          0.07617532,
          0.07549288,
          -0.0675915,
          1
        ]
      },
      {
        "date" : 774262656.058899,
        "title" : "Untitled",
        "transform" : [
          -0.66055834,
          7.044672e-08,
          -0.75077474,
          0,
          -0.44672194,
          0.80371493,
          0.393042,
          0,
          0.6034088,
          0.5950145,
          -0.53090054,
          0,
          0.06548537,
          0.064951666,
          -0.058186118,
          1
        ]
      },
      {
        "date" : 774262163.846236,
        "title" : "Untitled",
        "transform" : [
          -0.99965036,
          6.4526276e-08,
          0.026442546,
          0,
          0.005548142,
          0.9777411,
          0.20974192,
          0,
          -0.025853923,
          0.20981516,
          -0.9773991,
          0,
          -0.003016688,
          0.02304031,
          -0.106685616,
          1
        ]
      },
      {
        "date" : 774259245.297893,
        "title" : "Untitled",
        "transform" : [
          -0.2766966,
          6.019652e-08,
          0.96095735,
          0,
          0.7664792,
          0.6031598,
          0.22069877,
          0,
          -0.5796108,
          0.7976203,
          -0.16689233,
          0,
          -0.06302069,
          0.086974554,
          -0.018235337,
          1
        ]
      },
      {
        "date" : 774259231.010962,
        "title" : "Untitled",
        "transform" : [
          0.890685,
          6.072676e-08,
          0.45462093,
          0,
          0.35697946,
          0.6192111,
          -0.6993878,
          0,
          -0.28150636,
          0.7852245,
          0.551522,
          0,
          -0.030697912,
          0.085626215,
          0.059954118,
          1
        ]
      }
    ],
    "01238369-7A8C-4DB2-B225-5FEB04423E28" : [
      {
        "date" : 774146886.229683,
        "title" : "Untitled",
        "transform" : [
          0.988974,
          1.8637878e-09,
          0.14808871,
          0,
          0.089244194,
          0.79801315,
          -0.5959955,
          0,
          -0.11817672,
          0.6026401,
          0.78921425,
          0,
          -0.060213566,
          0.30705804,
          0.40212154,
          1
        ]
      }
    ],
    "A165DA54-DE35-4088-BE35-A7AB56311B6D" : [
      {
        "date" : 774170351.399823,
        "title" : "Untitled",
        "transform" : [
          -0.99085695,
          1.09957405e-07,
          0.13491762,
          0,
          0.035033185,
          0.9656994,
          0.25728863,
          0,
          -0.13028987,
          0.2596628,
          -0.95686984,
          0,
          -0.036380302,
          0.03662355,
          -0.114958085,
          1
        ]
      },
      {
        "date" : 774161515.430148,
        "title" : "Untitled",
        "transform" : [
          -0.9828483,
          1.0170493e-07,
          0.18441609,
          0,
          0.15946417,
          0.5022931,
          0.84986633,
          0,
          -0.09263089,
          0.8646974,
          -0.4936779,
          0,
          -0.030989546,
          0.10621559,
          -0.055134684,
          1
        ]
      },
      {
        "date" : 774161260.367335,
        "title" : "Untitled",
        "transform" : [
          -0.99982697,
          9.6071524e-08,
          -0.018595494,
          0,
          -0.0070729554,
          0.92483747,
          0.38029686,
          0,
          0.017197825,
          0.38036257,
          -0.92467755,
          0,
          -0.019195208,
          0.05080592,
          -0.113654934,
          1
        ]
      },
      {
        "date" : 774161238.880946,
        "title" : "Untitled",
        "transform" : [
          -0.8900565,
          9.611517e-08,
          0.45585006,
          0,
          0.15837744,
          0.9377048,
          0.309235,
          0,
          -0.4274528,
          0.34743297,
          -0.83461034,
          0,
          -0.069027126,
          0.04694663,
          -0.09324319,
          1
        ]
      },
      {
        "date" : 774161163.322819,
        "title" : "Untitled",
        "transform" : [
          0.29975486,
          9.6811384e-08,
          0.9540162,
          0,
          0.4629868,
          0.87434614,
          -0.14547196,
          0,
          -0.8341404,
          0.4853028,
          0.26208946,
          0,
          -0.09060615,
          0.0630497,
          0.04570355,
          1
        ]
      },
      {
        "date" : 774161104.467257,
        "title" : "Untitled",
        "transform" : [
          -0.9978606,
          9.57282e-08,
          0.06537553,
          0,
          0.011284032,
          0.98499167,
          0.17223261,
          0,
          -0.06439434,
          0.17260186,
          -0.98288447,
          0,
          -0.028794426,
          0.026334727,
          -0.12003457,
          1
        ]
      },
      {
        "date" : 774161093.937659,
        "title" : "Untitled",
        "transform" : [
          -0.9998974,
          9.55883e-08,
          -0.01432275,
          0,
          -0.0013681976,
          0.9954262,
          0.095523,
          0,
          0.01425725,
          0.09553283,
          -0.99532413,
          0,
          -0.019514902,
          0.017188191,
          -0.123656325,
          1
        ]
      },
      {
        "date" : 774161051.441679,
        "title" : "Untitled",
        "transform" : [
          -0.9999906,
          9.5673215e-08,
          -0.0043424997,
          0,
          -0.0020010786,
          0.88748723,
          0.46082783,
          0,
          0.0038539572,
          0.4608322,
          -0.8874789,
          0,
          -0.020763382,
          0.06020255,
          -0.1084414,
          1
        ]
      },
      {
        "date" : 774161011.453202,
        "title" : "Untitled",
        "transform" : [
          0.02802975,
          1.2495509e-09,
          0.999607,
          0,
          0.47263914,
          0.8811563,
          -0.013253165,
          0,
          -0.88081014,
          0.47282496,
          0.024698593,
          0,
          -0.15239938,
          0.06951979,
          -0.0919401,
          1
        ]
      },
      {
        "date" : 774160919.337701,
        "title" : "Untitled",
        "transform" : [
          -0.16653447,
          1.4837891e-08,
          0.9860358,
          0,
          0.40085244,
          0.9136379,
          0.06770117,
          0,
          -0.9008794,
          0.4065293,
          -0.15215212,
          0,
          -0.2641892,
          0.12952934,
          -0.08880544,
          1
        ]
      }
    ]
  },
  "sceneViewportBackgroundColors" : {

  },
  "selectedSceneRelativePath" : "ImageAnchorScene.usda"
}