{
  "advancedEditorSelectedIdentifier" : "ShaderGraphEditorPluginID",
  "openSceneRelativePaths" : [
    "BubbleScene.usda"
  ],
  "recentIdentifiers" : {
    "34BBF2A7-D0F0-4D0C-87E4-4D777089CCEE" : [

    ]
  },
  "sceneCameraHistory" : {
    "34BBF2A7-D0F0-4D0C-87E4-4D777089CCEE" : [
      {
        "date" : 773716837.884428,
        "title" : "Untitled",
        "transform" : [
          0.9976821,
          -3.748781e-09,
          0.06804865,
          0,
          0.06800717,
          0.034899563,
          -0.9970742,
          0,
          -0.0023748293,
          0.9993908,
          0.034818746,
          0,
          -0.0030073295,
          0.32440355,
          0.03886158,
          1
        ]
      },
      {
        "date" : 773661094.358462,
        "title" : "Untitled",
        "transform" : [
          0.9973759,
          1.0276828e-09,
          0.07239727,
          0,
          0.018909149,
          0.9652884,
          -0.26050076,
          0,
          -0.06988421,
          0.2611861,
          0.9627554,
          0,
          -0.02362937,
          0.058361635,
          0.3206127,
          1
        ]
      },
      {
        "date" : 773661035.056621,
        "title" : "Untitled",
        "transform" : [
          0.9973759,
          1.0276828e-09,
          0.07239727,
          0,
          0.01890915,
          0.9652885,
          -0.2605008,
          0,
          -0.06988421,
          0.2611861,
          0.9627554,
          0,
          -0.062008508,
          0.15315336,
          0.84135616,
          1
        ]
      },
      {
        "date" : 773661028.556215,
        "title" : "Untitled",
        "transform" : [
          0.9935037,
          1.340201e-09,
          0.11379995,
          0,
          0.08325823,
          0.6817136,
          -0.7268664,
          0,
          -0.07757893,
          0.7316192,
          0.6772849,
          0,
          -0.067234255,
          0.56054604,
          0.5787663,
          1
        ]
      },
      {
        "date" : 773661016.738124,
        "title" : "Untitled",
        "transform" : [
          0.99027157,
          2.5096033e-11,
          0.13914812,
          0,
          -0.0147090675,
          0.9943973,
          0.104679614,
          0,
          -0.13836849,
          -0.10570797,
          0.9847233,
          0,
          -0.012050284,
          -0.100066766,
          0.07904627,
          1
        ]
      },
      {
        "date" : 773654256.078173,
        "title" : "Untitled",
        "transform" : [
          0.99027157,
          2.5096033e-11,
          0.13914812,
          0,
          -0.0147090675,
          0.9943973,
          0.104679614,
          0,
          -0.13836849,
          -0.10570797,
          0.9847233,
          0,
          -0.08425245,
          -0.10046667,
          0.55267084,
          1
        ]
      },
      {
        "date" : 773654253.887381,
        "title" : "Untitled",
        "transform" : [
          0.99027157,
          -4.5450932e-10,
          0.13914813,
          0,
          -0.014709058,
          0.9943973,
          0.104679614,
          0,
          -0.13836853,
          -0.10570794,
          0.9847234,
          0,
          -0.3578625,
          -0.2733923,
          2.54679,
          1
        ]
      },
      {
        "date" : 773654244.827549,
        "title" : "Untitled",
        "transform" : [
          0.9921292,
          -1.8295285e-09,
          0.12521824,
          0,
          0.054445855,
          0.9005234,
          -0.43138537,
          0,
          -0.11276197,
          0.43480766,
          0.8934356,
          0,
          -0.29163623,
          1.1245431,
          2.3106923,
          1
        ]
      }
    ],
    "A165DA54-DE35-4088-BE35-A7AB56311B6D" : [
      {
        "date" : 773802857.267496,
        "title" : "Untitled",
        "transform" : [
          -0.029069481,
          4.17463e-08,
          -0.99957746,
          0,
          -0.2821933,
          0.95932245,
          0.0082067195,
          0,
          0.958917,
          0.28231275,
          -0.027887063,
          0,
          1.4668052,
          0.41087374,
          -0.042657558,
          1
        ]
      },
      {
        "date" : 773735298.83037,
        "title" : "Untitled",
        "transform" : [
          -0.51359934,
          4.1610342e-08,
          -0.8580302,
          0,
          -0.50561017,
          0.8079373,
          0.30264795,
          0,
          0.69323444,
          0.58926857,
          -0.414956,
          0,
          1.0664704,
          0.881636,
          -0.63836765,
          1
        ]
      },
      {
        "date" : 773735285.164457,
        "title" : "Untitled",
        "transform" : [
          -0.017303238,
          4.1681943e-08,
          -0.99985033,
          0,
          -0.41129568,
          0.9114741,
          0.007117881,
          0,
          0.9113376,
          0.41135737,
          -0.015771475,
          0,
          1.3969039,
          0.60846514,
          -0.024174668,
          1
        ]
      },
      {
        "date" : 773735266.403234,
        "title" : "Untitled",
        "transform" : [
          0.11985348,
          4.164668e-08,
          -0.99279165,
          0,
          -0.45631954,
          0.888109,
          -0.055088516,
          0,
          0.88170725,
          0.4596329,
          0.106442936,
          0,
          1.3526607,
          0.6824938,
          0.16329812,
          1
        ]
      },
      {
        "date" : 773735259.626026,
        "title" : "Untitled",
        "transform" : [
          0.99951077,
          4.2244302e-08,
          0.031278025,
          0,
          0.0120881535,
          0.9222993,
          -0.38628706,
          0,
          -0.028847687,
          0.38647634,
          0.9218481,
          0,
          -0.04419915,
          0.5703353,
          1.4124159,
          1
        ]
      },
      {
        "date" : 773735257.476587,
        "title" : "Untitled",
        "transform" : [
          0.99951065,
          4.22443e-08,
          0.03127802,
          0,
          0.0120881535,
          0.9222993,
          -0.38628706,
          0,
          -0.028847687,
          0.38647634,
          0.9218481,
          0,
          -0.034449533,
          0.4397183,
          1.1008598,
          1
        ]
      },
      {
        "date" : 773735240.56228,
        "title" : "Untitled",
        "transform" : [
          -0.029126616,
          3.8911846e-08,
          0.9995757,
          0,
          0.8453602,
          0.5336286,
          0.0246329,
          0,
          -0.5334021,
          0.84571904,
          -0.015542804,
          0,
          -0.17739984,
          0.26850238,
          -0.005169256,
          1
        ]
      },
      {
        "date" : 773735217.731028,
        "title" : "Untitled",
        "transform" : [
          -0.005182706,
          3.9147594e-08,
          0.9999865,
          0,
          0.22253786,
          0.97492343,
          0.0011533102,
          0,
          -0.9749103,
          0.22254086,
          -0.005052728,
          0,
          -0.3152262,
          0.06496724,
          -0.001633744,
          1
        ]
      },
      {
        "date" : 773734699.877945,
        "title" : "Untitled",
        "transform" : [
          -0.005182706,
          3.9147594e-08,
          0.9999865,
          0,
          0.22253786,
          0.97492343,
          0.0011533102,
          0,
          -0.9749103,
          0.22254086,
          -0.005052728,
          0,
          -2.2228978,
          0.50042796,
          -0.011520754,
          1
        ]
      },
      {
        "date" : 773734693.52336,
        "title" : "Untitled",
        "transform" : [
          -0.31360894,
          3.9114767e-08,
          -0.9495522,
          0,
          -0.3392348,
          0.9340059,
          0.11203925,
          0,
          0.88688725,
          0.35725763,
          -0.2929126,
          0,
          0.4683246,
          0.18696284,
          -0.15467381,
          1
        ]
      }
    ]
  },
  "sceneViewportBackgroundColors" : {

  },
  "selectedSceneRelativePath" : "Room.usda"
}