{
  "advancedEditorSelectedIdentifier" : "ShaderGraphEditorPluginID",
  "openSceneRelativePaths" : [
    "BubbleScene.usda",
    "ImageAnchorScene.usda"
  ],
  "recentIdentifiers" : {
    "34BBF2A7-D0F0-4D0C-87E4-4D777089CCEE" : [

    ],
    "416F112E-9914-486E-8EFC-5970D6063AE3" : [

    ],
    "05390BF7-BA9D-45D1-93B6-3FAA55C97222" : [

    ],
    "01238369-7A8C-4DB2-B225-5FEB04423E28" : [

    ],
    "02806447-DD3B-46B3-809A-4D20C961D431" : [

    ],
    "A165DA54-DE35-4088-BE35-A7AB56311B6D" : [

    ]
  },
  "sceneCameraHistory" : {
    "34BBF2A7-D0F0-4D0C-87E4-4D777089CCEE" : [
      {
        "date" : 773716837.884428,
        "title" : "Untitled",
        "transform" : [
          0.9976821,
          -3.748781e-09,
          0.06804865,
          0,
          0.06800717,
          0.034899563,
          -0.9970742,
          0,
          -0.0023748293,
          0.9993908,
          0.034818746,
          0,
          -0.0030073295,
          0.32440355,
          0.03886158,
          1
        ]
      },
      {
        "date" : 773661094.358462,
        "title" : "Untitled",
        "transform" : [
          0.9973759,
          1.0276828e-09,
          0.07239727,
          0,
          0.018909149,
          0.9652884,
          -0.26050076,
          0,
          -0.06988421,
          0.2611861,
          0.9627554,
          0,
          -0.02362937,
          0.058361635,
          0.3206127,
          1
        ]
      },
      {
        "date" : 773661035.056621,
        "title" : "Untitled",
        "transform" : [
          0.9973759,
          1.0276828e-09,
          0.07239727,
          0,
          0.01890915,
          0.9652885,
          -0.2605008,
          0,
          -0.06988421,
          0.2611861,
          0.9627554,
          0,
          -0.062008508,
          0.15315336,
          0.84135616,
          1
        ]
      },
      {
        "date" : 773661028.556215,
        "title" : "Untitled",
        "transform" : [
          0.9935037,
          1.340201e-09,
          0.11379995,
          0,
          0.08325823,
          0.6817136,
          -0.7268664,
          0,
          -0.07757893,
          0.7316192,
          0.6772849,
          0,
          -0.067234255,
          0.56054604,
          0.5787663,
          1
        ]
      },
      {
        "date" : 773661016.738124,
        "title" : "Untitled",
        "transform" : [
          0.99027157,
          2.5096033e-11,
          0.13914812,
          0,
          -0.0147090675,
          0.9943973,
          0.104679614,
          0,
          -0.13836849,
          -0.10570797,
          0.9847233,
          0,
          -0.012050284,
          -0.100066766,
          0.07904627,
          1
        ]
      },
      {
        "date" : 773654256.078173,
        "title" : "Untitled",
        "transform" : [
          0.99027157,
          2.5096033e-11,
          0.13914812,
          0,
          -0.0147090675,
          0.9943973,
          0.104679614,
          0,
          -0.13836849,
          -0.10570797,
          0.9847233,
          0,
          -0.08425245,
          -0.10046667,
          0.55267084,
          1
        ]
      },
      {
        "date" : 773654253.887381,
        "title" : "Untitled",
        "transform" : [
          0.99027157,
          -4.5450932e-10,
          0.13914813,
          0,
          -0.014709058,
          0.9943973,
          0.104679614,
          0,
          -0.13836853,
          -0.10570794,
          0.9847234,
          0,
          -0.3578625,
          -0.2733923,
          2.54679,
          1
        ]
      },
      {
        "date" : 773654244.827549,
        "title" : "Untitled",
        "transform" : [
          0.9921292,
          -1.8295285e-09,
          0.12521824,
          0,
          0.054445855,
          0.9005234,
          -0.43138537,
          0,
          -0.11276197,
          0.43480766,
          0.8934356,
          0,
          -0.29163623,
          1.1245431,
          2.3106923,
          1
        ]
      }
    ],
    "416F112E-9914-486E-8EFC-5970D6063AE3" : [
      {
        "date" : 774347486.706309,
        "title" : "Untitled",
        "transform" : [
          -0.5067743,
          -1.0977564e-08,
          -0.86207885,
          0,
          -0.579962,
          0.73987156,
          0.34093142,
          0,
          0.6378276,
          0.67274827,
          -0.37494776,
          0,
          0.16382569,
          0.17290862,
          -0.09562273,
          1
        ]
      },
      {
        "date" : 774347484.712065,
        "title" : "Untitled",
        "transform" : [
          -0.97277296,
          -4.775396e-10,
          -0.23176044,
          0,
          -0.07770848,
          0.94211274,
          0.3261672,
          0,
          0.21834452,
          0.33529642,
          -0.91646165,
          0,
          0.05644411,
          0.08631979,
          -0.23491953,
          1
        ]
      },
      {
        "date" : 774347481.831446,
        "title" : "Untitled",
        "transform" : [
          -0.90087855,
          -4.7114455e-09,
          -0.43407133,
          0,
          -0.08868026,
          0.97890854,
          0.1840483,
          0,
          0.4249162,
          0.20429881,
          -0.88187766,
          0,
          0.10944773,
          0.05269595,
          -0.22599146,
          1
        ]
      },
      {
        "date" : 774347476.290211,
        "title" : "Untitled",
        "transform" : [
          -0.9008784,
          -4.711445e-09,
          -0.43407127,
          0,
          -0.08868026,
          0.97890854,
          0.1840483,
          0,
          0.4249162,
          0.20429881,
          -0.88187766,
          0,
          0.057536244,
          0.027737014,
          -0.11825355,
          1
        ]
      },
      {
        "date" : 774347458.83888,
        "title" : "Untitled",
        "transform" : [
          0.49382582,
          -4.132799e-09,
          -0.86956096,
          0,
          -0.2946329,
          0.9408477,
          -0.16732283,
          0,
          0.8181243,
          0.3388297,
          0.46461496,
          0,
          0.10982154,
          0.04583222,
          0.06304619,
          1
        ]
      },
      {
        "date" : 774347437.080159,
        "title" : "Untitled",
        "transform" : [
          -0.49890947,
          -1.0533876e-09,
          -0.86665416,
          0,
          -0.294227,
          0.9406069,
          0.1693785,
          0,
          0.81518084,
          0.33949766,
          -0.4692776,
          0,
          0.10983837,
          0.045922063,
          -0.06255115,
          1
        ]
      },
      {
        "date" : 774347427.205366,
        "title" : "Untitled",
        "transform" : [
          -0.227463,
          -3.6235699e-09,
          -0.9737868,
          0,
          -0.44259045,
          0.89074445,
          0.103382885,
          0,
          0.8673951,
          0.45450452,
          -0.20261136,
          0,
          0.11671542,
          0.061386872,
          -0.026636045,
          1
        ]
      },
      {
        "date" : 774347392.914941,
        "title" : "Untitled",
        "transform" : [
          -0.9392279,
          -2.1092053e-08,
          -0.34329435,
          0,
          -0.06517378,
          0.98181355,
          0.17831045,
          0,
          0.33705103,
          0.18984798,
          -0.9221466,
          0,
          0.045733444,
          0.025793016,
          -0.12371199,
          1
        ]
      },
      {
        "date" : 774347389.924576,
        "title" : "Untitled",
        "transform" : [
          -0.9392279,
          -2.1092053e-08,
          -0.34329435,
          0,
          -0.06517378,
          0.98181355,
          0.17831045,
          0,
          0.33705103,
          0.18984798,
          -0.9221466,
          0,
          0.03661813,
          0.020652102,
          -0.09901458,
          1
        ]
      },
      {
        "date" : 774347376.542382,
        "title" : "Untitled",
        "transform" : [
          -0.9392279,
          -2.1092053e-08,
          -0.34329435,
          0,
          -0.06517378,
          0.98181355,
          0.17831045,
          0,
          0.33705103,
          0.18984798,
          -0.9221466,
          0,
          0.6692087,
          0.3774241,
          -1.8129803,
          1
        ]
      }
    ],
    "05390BF7-BA9D-45D1-93B6-3FAA55C97222" : [
      {
        "date" : 774347220.522259,
        "title" : "Untitled",
        "transform" : [
          0.94109595,
          -2.9374538e-08,
          -0.33813986,
          0,
          -0.12401907,
          0.9303122,
          -0.3451645,
          0,
          0.31457555,
          0.3667687,
          0.87551284,
          0,
          0.15763433,
          0.23317236,
          0.5225929,
          1
        ]
      },
      {
        "date" : 774347218.492678,
        "title" : "Untitled",
        "transform" : [
          0.006057046,
          -2.546927e-08,
          -0.9999818,
          0,
          -0.2597421,
          0.9656768,
          -0.0015733422,
          0,
          0.965659,
          0.25974688,
          0.0058491905,
          0,
          0.5677076,
          0.17034735,
          0.031799708,
          1
        ]
      },
      {
        "date" : 774347211.102046,
        "title" : "Untitled",
        "transform" : [
          0.9967279,
          -2.6946067e-08,
          0.08083087,
          0,
          0.05612107,
          0.71968406,
          -0.69202995,
          0,
          -0.05817273,
          0.6943019,
          0.71732914,
          0,
          -0.06178977,
          0.42370403,
          0.41106957,
          1
        ]
      },
      {
        "date" : 774347196.555881,
        "title" : "Untitled",
        "transform" : [
          0.9745281,
          -2.6219942e-08,
          -0.22426517,
          0,
          -0.13064522,
          0.8127961,
          -0.56770957,
          0,
          0.18228185,
          0.58254826,
          0.7920928,
          0,
          0.07817034,
          0.35905606,
          0.4661431,
          1
        ]
      },
      {
        "date" : 774347191.236592,
        "title" : "Untitled",
        "transform" : [
          0.9998142,
          -2.5791454e-08,
          0.01926977,
          0,
          0.011972616,
          0.7835623,
          -0.621198,
          0,
          -0.0150991,
          0.6213134,
          0.78341675,
          0,
          -0.03710014,
          0.38153327,
          0.4531856,
          1
        ]
      },
      {
        "date" : 774347175.936139,
        "title" : "Untitled",
        "transform" : [
          0.28048423,
          -2.5726747e-08,
          -0.9598586,
          0,
          -0.501282,
          0.852795,
          -0.14648172,
          0,
          0.8185627,
          0.52224576,
          0.2391956,
          0,
          0.4686442,
          0.3239978,
          0.16649096,
          1
        ]
      },
      {
        "date" : 774347165.085421,
        "title" : "Untitled",
        "transform" : [
          0.987268,
          -2.6135742e-08,
          -0.15906574,
          0,
          -0.09444203,
          0.80466443,
          -0.58617043,
          0,
          0.12799451,
          0.59372985,
          0.79441947,
          0,
          0.04625112,
          0.36554462,
          0.4653592,
          1
        ]
      },
      {
        "date" : 774347161.174647,
        "title" : "Untitled",
        "transform" : [
          -0.10115743,
          -2.8920516e-08,
          -0.9948704,
          0,
          -0.27489915,
          0.9610667,
          0.027951432,
          0,
          0.9561368,
          0.27631652,
          -0.09721904,
          0,
          0.55611753,
          0.1701212,
          -0.083599985,
          1
        ]
      },
      {
        "date" : 774347145.734598,
        "title" : "Untitled",
        "transform" : [
          -0.03967201,
          -3.118961e-08,
          -0.9992128,
          0,
          -0.13472673,
          0.9908684,
          0.0053490605,
          0,
          0.99008834,
          0.13483287,
          -0.039309736,
          0,
          6.094505,
          2.301387,
          -0.5692301,
          1
        ]
      },
      {
        "date" : 774347131.722521,
        "title" : "Untitled",
        "transform" : [
          -0.019189207,
          -3.045323e-08,
          -0.9998159,
          0,
          -0.37130618,
          0.9284832,
          0.007126355,
          0,
          0.92831224,
          0.37137458,
          -0.017816857,
          0,
          9.306032,
          5.293826,
          -0.5056688,
          1
        ]
      }
    ],
    "01238369-7A8C-4DB2-B225-5FEB04423E28" : [
      {
        "date" : 774146886.229683,
        "title" : "Untitled",
        "transform" : [
          0.988974,
          1.8637878e-09,
          0.14808871,
          0,
          0.089244194,
          0.79801315,
          -0.5959955,
          0,
          -0.11817672,
          0.6026401,
          0.78921425,
          0,
          -0.060213566,
          0.30705804,
          0.40212154,
          1
        ]
      }
    ],
    "02806447-DD3B-46B3-809A-4D20C961D431" : [
      {
        "date" : 774347517.656112,
        "title" : "Untitled",
        "transform" : [
          0.10727545,
          4.0222075e-09,
          -0.9942295,
          0,
          -0.16206174,
          0.9866258,
          -0.017486166,
          0,
          0.98093235,
          0.16300224,
          0.10584072,
          0,
          0.69535387,
          0.12628388,
          0.21165998,
          1
        ]
      },
      {
        "date" : 774347511.879098,
        "title" : "Untitled",
        "transform" : [
          0.8725966,
          8.1675084e-09,
          0.4884417,
          0,
          0.35860607,
          0.67895067,
          -0.64064646,
          0,
          -0.33162785,
          0.7341839,
          0.5924501,
          0,
          -0.35605255,
          0.5379132,
          0.35796714,
          1
        ]
      },
      {
        "date" : 774347326.294512,
        "title" : "Untitled",
        "transform" : [
          -0.15202543,
          4.056859e-09,
          -0.9883767,
          0,
          -0.27570868,
          0.9603054,
          0.042407647,
          0,
          0.94914347,
          0.278951,
          -0.14599082,
          0,
          0.70659643,
          0.21014021,
          0.028757785,
          1
        ]
      },
      {
        "date" : 774347322.409778,
        "title" : "Untitled",
        "transform" : [
          0.073622756,
          1.5757484e-08,
          -0.9972862,
          0,
          -0.29462865,
          0.9553642,
          -0.021750376,
          0,
          0.95277154,
          0.29543036,
          0.07033653,
          0,
          0.6385737,
          0.24911697,
          0.27281642,
          1
        ]
      },
      {
        "date" : 774347316.633333,
        "title" : "Untitled",
        "transform" : [
          1,
          0,
          0,
          0,
          0,
          0.7071069,
          -0.70710677,
          0,
          0,
          0.70710677,
          0.7071069,
          0,
          0,
          0.63713574,
          0.63713586,
          1
        ]
      }
    ],
    "A165DA54-DE35-4088-BE35-A7AB56311B6D" : [
      {
        "date" : 774170351.399823,
        "title" : "Untitled",
        "transform" : [
          -0.99085695,
          1.09957405e-07,
          0.13491762,
          0,
          0.035033185,
          0.9656994,
          0.25728863,
          0,
          -0.13028987,
          0.2596628,
          -0.95686984,
          0,
          -0.036380302,
          0.03662355,
          -0.114958085,
          1
        ]
      },
      {
        "date" : 774161515.430148,
        "title" : "Untitled",
        "transform" : [
          -0.9828483,
          1.0170493e-07,
          0.18441609,
          0,
          0.15946417,
          0.5022931,
          0.84986633,
          0,
          -0.09263089,
          0.8646974,
          -0.4936779,
          0,
          -0.030989546,
          0.10621559,
          -0.055134684,
          1
        ]
      },
      {
        "date" : 774161260.367335,
        "title" : "Untitled",
        "transform" : [
          -0.99982697,
          9.6071524e-08,
          -0.018595494,
          0,
          -0.0070729554,
          0.92483747,
          0.38029686,
          0,
          0.017197825,
          0.38036257,
          -0.92467755,
          0,
          -0.019195208,
          0.05080592,
          -0.113654934,
          1
        ]
      },
      {
        "date" : 774161238.880946,
        "title" : "Untitled",
        "transform" : [
          -0.8900565,
          9.611517e-08,
          0.45585006,
          0,
          0.15837744,
          0.9377048,
          0.309235,
          0,
          -0.4274528,
          0.34743297,
          -0.83461034,
          0,
          -0.069027126,
          0.04694663,
          -0.09324319,
          1
        ]
      },
      {
        "date" : 774161163.322819,
        "title" : "Untitled",
        "transform" : [
          0.29975486,
          9.6811384e-08,
          0.9540162,
          0,
          0.4629868,
          0.87434614,
          -0.14547196,
          0,
          -0.8341404,
          0.4853028,
          0.26208946,
          0,
          -0.09060615,
          0.0630497,
          0.04570355,
          1
        ]
      },
      {
        "date" : 774161104.467257,
        "title" : "Untitled",
        "transform" : [
          -0.9978606,
          9.57282e-08,
          0.06537553,
          0,
          0.011284032,
          0.98499167,
          0.17223261,
          0,
          -0.06439434,
          0.17260186,
          -0.98288447,
          0,
          -0.028794426,
          0.026334727,
          -0.12003457,
          1
        ]
      },
      {
        "date" : 774161093.937659,
        "title" : "Untitled",
        "transform" : [
          -0.9998974,
          9.55883e-08,
          -0.01432275,
          0,
          -0.0013681976,
          0.9954262,
          0.095523,
          0,
          0.01425725,
          0.09553283,
          -0.99532413,
          0,
          -0.019514902,
          0.017188191,
          -0.123656325,
          1
        ]
      },
      {
        "date" : 774161051.441679,
        "title" : "Untitled",
        "transform" : [
          -0.9999906,
          9.5673215e-08,
          -0.0043424997,
          0,
          -0.0020010786,
          0.88748723,
          0.46082783,
          0,
          0.0038539572,
          0.4608322,
          -0.8874789,
          0,
          -0.020763382,
          0.06020255,
          -0.1084414,
          1
        ]
      },
      {
        "date" : 774161011.453202,
        "title" : "Untitled",
        "transform" : [
          0.02802975,
          1.2495509e-09,
          0.999607,
          0,
          0.47263914,
          0.8811563,
          -0.013253165,
          0,
          -0.88081014,
          0.47282496,
          0.024698593,
          0,
          -0.15239938,
          0.06951979,
          -0.0919401,
          1
        ]
      },
      {
        "date" : 774160919.337701,
        "title" : "Untitled",
        "transform" : [
          -0.16653447,
          1.4837891e-08,
          0.9860358,
          0,
          0.40085244,
          0.9136379,
          0.06770117,
          0,
          -0.9008794,
          0.4065293,
          -0.15215212,
          0,
          -0.2641892,
          0.12952934,
          -0.08880544,
          1
        ]
      }
    ],
    "F19F435F-BE0B-489A-8AFE-078CD43141D4" : [
      {
        "date" : 774346519.388344,
        "title" : "Untitled",
        "transform" : [
          0.29098538,
          -4.2040327e-09,
          -0.9567275,
          0,
          -0.4277236,
          0.8944993,
          -0.13009067,
          0,
          0.85579205,
          0.44706947,
          0.26028618,
          0,
          2.9965198,
          1.5653949,
          0.91138136,
          1
        ]
      }
    ]
  },
  "sceneViewportBackgroundColors" : {

  },
  "selectedSceneRelativePath" : "ImageAnchorScene.usda"
}