{
  "advancedEditorSelectedIdentifier" : "ShaderGraphEditorPluginID",
  "openSceneRelativePaths" : [
    "BubbleScene.usda",
    "ImageAnchorScene.usda"
  ],
  "recentIdentifiers" : {
    "34BBF2A7-D0F0-4D0C-87E4-4D777089CCEE" : [

    ],
    "416F112E-9914-486E-8EFC-5970D6063AE3" : [

    ],
    "01238369-7A8C-4DB2-B225-5FEB04423E28" : [

    ],
    "A165DA54-DE35-4088-BE35-A7AB56311B6D" : [

    ]
  },
  "sceneCameraHistory" : {
    "34BBF2A7-D0F0-4D0C-87E4-4D777089CCEE" : [
      {
        "date" : 773716837.884428,
        "title" : "Untitled",
        "transform" : [
          0.9976821,
          -3.748781e-09,
          0.06804865,
          0,
          0.06800717,
          0.034899563,
          -0.9970742,
          0,
          -0.0023748293,
          0.9993908,
          0.034818746,
          0,
          -0.0030073295,
          0.32440355,
          0.03886158,
          1
        ]
      },
      {
        "date" : 773661094.358462,
        "title" : "Untitled",
        "transform" : [
          0.9973759,
          1.0276828e-09,
          0.07239727,
          0,
          0.018909149,
          0.9652884,
          -0.26050076,
          0,
          -0.06988421,
          0.2611861,
          0.9627554,
          0,
          -0.02362937,
          0.058361635,
          0.3206127,
          1
        ]
      },
      {
        "date" : 773661035.056621,
        "title" : "Untitled",
        "transform" : [
          0.9973759,
          1.0276828e-09,
          0.07239727,
          0,
          0.01890915,
          0.9652885,
          -0.2605008,
          0,
          -0.06988421,
          0.2611861,
          0.9627554,
          0,
          -0.062008508,
          0.15315336,
          0.84135616,
          1
        ]
      },
      {
        "date" : 773661028.556215,
        "title" : "Untitled",
        "transform" : [
          0.9935037,
          1.340201e-09,
          0.11379995,
          0,
          0.08325823,
          0.6817136,
          -0.7268664,
          0,
          -0.07757893,
          0.7316192,
          0.6772849,
          0,
          -0.067234255,
          0.56054604,
          0.5787663,
          1
        ]
      },
      {
        "date" : 773661016.738124,
        "title" : "Untitled",
        "transform" : [
          0.99027157,
          2.5096033e-11,
          0.13914812,
          0,
          -0.0147090675,
          0.9943973,
          0.104679614,
          0,
          -0.13836849,
          -0.10570797,
          0.9847233,
          0,
          -0.012050284,
          -0.100066766,
          0.07904627,
          1
        ]
      },
      {
        "date" : 773654256.078173,
        "title" : "Untitled",
        "transform" : [
          0.99027157,
          2.5096033e-11,
          0.13914812,
          0,
          -0.0147090675,
          0.9943973,
          0.104679614,
          0,
          -0.13836849,
          -0.10570797,
          0.9847233,
          0,
          -0.08425245,
          -0.10046667,
          0.55267084,
          1
        ]
      },
      {
        "date" : 773654253.887381,
        "title" : "Untitled",
        "transform" : [
          0.99027157,
          -4.5450932e-10,
          0.13914813,
          0,
          -0.014709058,
          0.9943973,
          0.104679614,
          0,
          -0.13836853,
          -0.10570794,
          0.9847234,
          0,
          -0.3578625,
          -0.2733923,
          2.54679,
          1
        ]
      },
      {
        "date" : 773654244.827549,
        "title" : "Untitled",
        "transform" : [
          0.9921292,
          -1.8295285e-09,
          0.12521824,
          0,
          0.054445855,
          0.9005234,
          -0.43138537,
          0,
          -0.11276197,
          0.43480766,
          0.8934356,
          0,
          -0.29163623,
          1.1245431,
          2.3106923,
          1
        ]
      }
    ],
    "416F112E-9914-486E-8EFC-5970D6063AE3" : [
      {
        "date" : 774172821.581643,
        "title" : "Untitled",
        "transform" : [
          -0.999809,
          -7.247524e-09,
          0.019542044,
          0,
          0.0039297477,
          0.9795709,
          0.20106108,
          0,
          -0.019142808,
          0.20109953,
          -0.9793838,
          0,
          -0.012315714,
          0.08998173,
          -0.4642461,
          1
        ]
      },
      {
        "date" : 774172798.352811,
        "title" : "Untitled",
        "transform" : [
          -0.99940443,
          -7.861135e-09,
          0.034507528,
          0,
          0.031985067,
          0.37529567,
          0.9263532,
          0,
          -0.01295052,
          0.9269052,
          -0.37507212,
          0,
          -0.009534401,
          0.4328837,
          -0.18407658,
          1
        ]
      },
      {
        "date" : 774171395.18778,
        "title" : "Untitled",
        "transform" : [
          -0.7552345,
          -7.662276e-09,
          -0.6554548,
          0,
          -0.11921745,
          0.98332,
          0.13736564,
          0,
          0.6445217,
          0.18188488,
          -0.742637,
          0,
          0.3001596,
          0.08095756,
          -0.3552257,
          1
        ]
      },
      {
        "date" : 774171391.015926,
        "title" : "Untitled",
        "transform" : [
          0.13446805,
          2.5686688e-09,
          -0.9909179,
          0,
          -0.99031436,
          0.034899604,
          -0.13438623,
          0,
          0.034582634,
          0.99939084,
          0.004692841,
          0,
          0.020824123,
          0.46784005,
          -0.0050666793,
          1
        ]
      },
      {
        "date" : 774171375.625588,
        "title" : "Untitled",
        "transform" : [
          -0.8981481,
          -5.3451137e-09,
          -0.43969324,
          0,
          -0.14006566,
          0.9479051,
          0.28610772,
          0,
          0.41678736,
          0.318553,
          -0.85135907,
          0,
          0.19319707,
          0.14510761,
          -0.4061566,
          1
        ]
      },
      {
        "date" : 774171369.454074,
        "title" : "Untitled",
        "transform" : [
          0.29685178,
          -7.571998e-09,
          -0.9549236,
          0,
          -0.9543419,
          0.03489954,
          -0.29667097,
          0,
          0.0333264,
          0.9993909,
          0.010359967,
          0,
          0.020547098,
          0.46784,
          -0.0016141902,
          1
        ]
      },
      {
        "date" : 774170940.531839,
        "title" : "Untitled",
        "transform" : [
          0.9990662,
          -2.9038244e-08,
          -0.043207735,
          0,
          -0.03175526,
          0.67812705,
          -0.73425835,
          0,
          0.029300345,
          0.7349447,
          0.67749375,
          0,
          0.016720278,
          0.34124964,
          0.31527647,
          1
        ]
      },
      {
        "date" : 774170931.30337,
        "title" : "Untitled",
        "transform" : [
          0.9387963,
          -3.930685e-08,
          0.34447283,
          0,
          0.27292788,
          0.610124,
          -0.7438139,
          0,
          -0.21017112,
          0.792306,
          0.57278216,
          0,
          -0.40588933,
          2.6882932,
          -0.21693587,
          1
        ]
      },
      {
        "date" : 774170927.288221,
        "title" : "Untitled",
        "transform" : [
          0.77634853,
          -3.9309697e-08,
          0.6303039,
          0,
          0.6296551,
          0.04536064,
          -0.7755494,
          0,
          -0.028590968,
          0.99897075,
          0.035215694,
          0,
          -0.17057659,
          3.3432596,
          -1.3220917,
          1
        ]
      }
    ],
    "01238369-7A8C-4DB2-B225-5FEB04423E28" : [
      {
        "date" : 774146886.229683,
        "title" : "Untitled",
        "transform" : [
          0.988974,
          1.8637878e-09,
          0.14808871,
          0,
          0.089244194,
          0.79801315,
          -0.5959955,
          0,
          -0.11817672,
          0.6026401,
          0.78921425,
          0,
          -0.060213566,
          0.30705804,
          0.40212154,
          1
        ]
      }
    ],
    "A165DA54-DE35-4088-BE35-A7AB56311B6D" : [
      {
        "date" : 774170351.399823,
        "title" : "Untitled",
        "transform" : [
          -0.99085695,
          1.09957405e-07,
          0.13491762,
          0,
          0.035033185,
          0.9656994,
          0.25728863,
          0,
          -0.13028987,
          0.2596628,
          -0.95686984,
          0,
          -0.036380302,
          0.03662355,
          -0.114958085,
          1
        ]
      },
      {
        "date" : 774161515.430148,
        "title" : "Untitled",
        "transform" : [
          -0.9828483,
          1.0170493e-07,
          0.18441609,
          0,
          0.15946417,
          0.5022931,
          0.84986633,
          0,
          -0.09263089,
          0.8646974,
          -0.4936779,
          0,
          -0.030989546,
          0.10621559,
          -0.055134684,
          1
        ]
      },
      {
        "date" : 774161260.367335,
        "title" : "Untitled",
        "transform" : [
          -0.99982697,
          9.6071524e-08,
          -0.018595494,
          0,
          -0.0070729554,
          0.92483747,
          0.38029686,
          0,
          0.017197825,
          0.38036257,
          -0.92467755,
          0,
          -0.019195208,
          0.05080592,
          -0.113654934,
          1
        ]
      },
      {
        "date" : 774161238.880946,
        "title" : "Untitled",
        "transform" : [
          -0.8900565,
          9.611517e-08,
          0.45585006,
          0,
          0.15837744,
          0.9377048,
          0.309235,
          0,
          -0.4274528,
          0.34743297,
          -0.83461034,
          0,
          -0.069027126,
          0.04694663,
          -0.09324319,
          1
        ]
      },
      {
        "date" : 774161163.322819,
        "title" : "Untitled",
        "transform" : [
          0.29975486,
          9.6811384e-08,
          0.9540162,
          0,
          0.4629868,
          0.87434614,
          -0.14547196,
          0,
          -0.8341404,
          0.4853028,
          0.26208946,
          0,
          -0.09060615,
          0.0630497,
          0.04570355,
          1
        ]
      },
      {
        "date" : 774161104.467257,
        "title" : "Untitled",
        "transform" : [
          -0.9978606,
          9.57282e-08,
          0.06537553,
          0,
          0.011284032,
          0.98499167,
          0.17223261,
          0,
          -0.06439434,
          0.17260186,
          -0.98288447,
          0,
          -0.028794426,
          0.026334727,
          -0.12003457,
          1
        ]
      },
      {
        "date" : 774161093.937659,
        "title" : "Untitled",
        "transform" : [
          -0.9998974,
          9.55883e-08,
          -0.01432275,
          0,
          -0.0013681976,
          0.9954262,
          0.095523,
          0,
          0.01425725,
          0.09553283,
          -0.99532413,
          0,
          -0.019514902,
          0.017188191,
          -0.123656325,
          1
        ]
      },
      {
        "date" : 774161051.441679,
        "title" : "Untitled",
        "transform" : [
          -0.9999906,
          9.5673215e-08,
          -0.0043424997,
          0,
          -0.0020010786,
          0.88748723,
          0.46082783,
          0,
          0.0038539572,
          0.4608322,
          -0.8874789,
          0,
          -0.020763382,
          0.06020255,
          -0.1084414,
          1
        ]
      },
      {
        "date" : 774161011.453202,
        "title" : "Untitled",
        "transform" : [
          0.02802975,
          1.2495509e-09,
          0.999607,
          0,
          0.47263914,
          0.8811563,
          -0.013253165,
          0,
          -0.88081014,
          0.47282496,
          0.024698593,
          0,
          -0.15239938,
          0.06951979,
          -0.0919401,
          1
        ]
      },
      {
        "date" : 774160919.337701,
        "title" : "Untitled",
        "transform" : [
          -0.16653447,
          1.4837891e-08,
          0.9860358,
          0,
          0.40085244,
          0.9136379,
          0.06770117,
          0,
          -0.9008794,
          0.4065293,
          -0.15215212,
          0,
          -0.2641892,
          0.12952934,
          -0.08880544,
          1
        ]
      }
    ]
  },
  "sceneViewportBackgroundColors" : {

  },
  "selectedSceneRelativePath" : "ImageAnchorScene.usda"
}